translation:
  x: -0.016651746849288683
  y: 0.23713801801978257
  z: 0.1589293391764847
rotation:
  x: -0.0053121823096013866
  y: -0.7018028633858873
  z: -0.01548127957138288
  w: 0.7121831587768082
